activity_name,alappuzha beach,houseboats,backwaters in allepey,vembanad lake,marari beach,st mary's forane church,thottapally beach
alappuzha beach,0,14,22,62,23,31,28
houseboats,14,0,24,63,24,33,32
backwaters in allepey,22,24,0,76,38,23,32
vembanad lake,62,63,76,0,49,67,88
marari beach,23,24,38,49,0,46,43
st mary's forane church,31,33,23,67,46,0,40
thottapally beach,28,32,32,88,43,40,0
