activity_name,double decker living root bridge ,mawlynnong ,nohkalikai waterfalls,mawsmai cave,krem phyllut ,nongsawlia,dainthlen waterfalls
double decker living root bridge ,0,180,58,64,190,54,27
mawlynnong ,180,0,153,158,190,148,134
nohkalikai waterfalls,58,153,0,30,182,20,32
mawsmai cave,64,158,30,0,187,12,37
krem phyllut ,190,190,182,187,0,178,184
nongsawlia,54,148,20,12,178,0,26
dainthlen waterfalls,27,134,32,37,184,26,0
