activity_name,lal bagh palace,kanch mandir,bada ganpati,annapurna temple,patalpani waterfall,ISKCON indore,nehru park,indore museum
lal bagh palace,0,6,7,6,53,28,16,13
kanch mandir,6,0,4,8,55,26,15,12
bada ganpati,7,4,0,8,54,25,14,14
annapurna temple,6,8,8,0,45,32,19,17
patalpani waterfall,53,55,54,45,0,66,66,60
ISKCON indore,28,26,25,32,66,0,16,21
nehru park,16,15,14,19,66,16,0,10
indore museum,13,12,14,17,60,21,10,0
